0 0.33984375 0.396875 0.046875 0.12734375
0 0.3390625 0.60859375 0.04296875 0.10078125
0 0.33828125 0.8046875 0.04453125 0.12265625
0 0.09765625 0.578125 0.09609375 0.296875
0 0.5453125 0.42890625 0.03046875 0.10703125
0 0.54921875 0.59765625 0.03984375 0.10078125
0 0.5484375 0.76484375 0.028125 0.07421875
0 0.62578125 0.42421875 0.0359375 0.06953125
0 0.703125 0.59296875 0.03359375 0.15703125
0 0.80703125 0.4421875 0.021875 0.059375
0 0.80703125 0.57734375 0.02578125 0.07890625
0 0.80234375 0.69140625 0.021875 0.07109375
0 0.92421875 0.45390625 0.0265625 0.0453125
0 0.92578125 0.5609375 0.0265625 0.06328125
0 0.92578125 0.66875 0.021875 0.0578125
0 0.8609375 0.57421875 0.01484375 0.11640625