0 0.078125 0.503125 0.0953125 0.10078125
0 0.17578125 0.4859375 0.04921875 0.18828125
0 0.2984375 0.53046875 0.09140625 0.11640625
0 0.41796875 0.5515625 0.0921875 0.125
0 0.5203125 0.553125 0.071875 0.1265625
0 0.6546875 0.56953125 0.0953125 0.13359375
0 0.80390625 0.58359375 0.0921875 0.14765625
0 0.940625 0.6078125 0.10703125 0.13515625
0 0.075 0.740625 0.09453125 0.1640625
0 0.1984375 0.75859375 0.07578125 0.190625
0 0.34453125 0.803125 0.103125 0.19375
0 0.4890625 0.7953125 0.0890625 0.1828125
0 0.65078125 0.83671875 0.10390625 0.1953125
0 0.8265625 0.8546875 0.13203125 0.209375
0 0.97109375 0.85546875 0.0578125 0.2046875