0 0.06640625 0.63359375 0.0640625 0.0171875
0 0.1390625 0.68828125 0.07578125 0.06328125
0 0.33828125 0.69453125 0.0484375 0.06328125
0 0.5140625 0.66796875 0.078125 0.06484375
0 0.59140625 0.61640625 0.0609375 0.034375
0 0.5453125 0.58359375 0.0484375 0.02421875
0 0.46484375 0.5578125 0.03984375 0.015625
0 0.215625 0.5671875 0.05078125 0.0234375
0 0.10390625 0.59140625 0.0640625 0.0171875
0 0.22890625 0.3453125 0.04765625 0.1203125
0 0.26875 0.3484375 0.025 0.1125
0 0.91015625 0.51953125 0.04453125 0.02578125
0 0.9421875 0.50703125 0.0453125 0.03359375
0 0.97421875 0.5 0.034375 0.0390625