0 0.12734375 0.8 0.07734375 0.12109375
0 0.33046875 0.88515625 0.11015625 0.21328125
0 0.50859375 0.73203125 0.12421875 0.1484375
0 0.6671875 0.5640625 0.134375 0.16796875
0 0.84765625 0.41484375 0.15859375 0.159375
0 0.965625 0.23828125 0.06796875 0.13203125
0 0.28359375 0.65625 0.08046875 0.16640625
0 0.41484375 0.52109375 0.1 0.14296875
0 0.55625 0.39375 0.09765625 0.12265625
0 0.69765625 0.25546875 0.09453125 0.12265625
0 0.840625 0.1296875 0.13359375 0.1046875
0 0.2609375 0.44765625 0.05546875 0.05234375
0 0.36015625 0.3546875 0.05 0.05859375
0 0.46171875 0.26171875 0.05078125 0.05078125
0 0.55546875 0.1734375 0.04921875 0.04921875
0 0.6671875 0.06875 0.059375 0.04921875